,ANO,Estado,Morte materna obstétrica direta,Morte materna obstétrica indireta,Morte materna obstétrica não especificada,Branca,Preta,Amarela,Parda,Indígena,Cor/Raça Ignorado,Solteiro,Casado,Viúvo,Separado judicialmente,Outro,Estado Civil Ignorado,10 a 14 anos,15 a 19 anos,20 a 29 anos,30 a 39 anos,40 a 49 anos,50 a 59 anos,"Durante a gravidez, parto ou aborto","Durante o puerpério, até 42 dias","Durante o puerpério, de 43 dias a menos de 1 ano",Não na gravidez ou no puerpério,Período informado inconsistente,Não informado ou ignorado
0,2011,Rondônia,13,2,0,6,1,0,7,0,1,6,5,0,0,2,2,0,1,9,5,0,0,3,9,3,0,0,0
1,2011,Acre,6,0,0,3,0,0,2,1,0,3,0,0,0,2,1,1,0,3,2,0,0,1,4,0,0,0,1
2,2011,Amazonas,31,18,3,3,1,0,39,8,1,30,9,1,0,7,5,0,17,14,16,5,0,18,31,2,0,0,1
3,2011,Roraima,4,2,0,1,0,0,3,2,0,3,0,0,0,2,1,0,2,1,3,0,0,3,2,0,0,0,1
4,2011,Pará,74,10,1,9,9,0,67,0,0,40,13,0,0,28,4,1,20,36,25,3,0,29,43,1,3,3,6
5,2011,Amapá,5,1,0,0,0,0,5,0,1,2,0,0,0,1,3,0,0,5,1,0,0,2,2,1,0,0,1
6,2011,Tocantins,15,11,0,4,1,0,20,1,0,12,9,0,0,3,2,0,4,15,5,2,0,5,11,1,1,5,3
7,2011,Maranhão,91,13,1,14,7,0,75,3,6,53,15,3,1,23,10,0,21,51,32,1,0,32,38,2,5,3,25
8,2011,Piauí,32,12,1,7,6,0,30,0,2,17,13,0,0,4,11,1,7,16,17,4,0,19,24,2,0,0,0
9,2011,Ceará,55,29,4,15,3,1,58,1,10,41,28,1,1,9,8,1,11,33,33,10,0,23,50,4,2,2,7
10,2011,Rio Grande do Norte,26,6,1,9,1,0,10,0,13,18,5,0,1,5,4,0,6,12,12,3,0,13,17,2,0,0,1
11,2011,Paraíba,25,6,0,7,0,0,22,0,2,12,9,1,0,2,7,2,4,10,12,3,0,10,15,1,1,0,4
12,2011,Pernambuco,49,28,2,27,7,1,41,0,3,41,24,1,0,3,10,1,5,37,27,9,0,28,40,3,1,1,6
13,2011,Alagoas,19,9,0,3,0,0,23,0,2,15,8,0,0,2,3,0,8,9,9,2,0,13,10,2,0,0,3
14,2011,Sergipe,22,7,0,7,6,0,16,0,0,19,5,0,0,3,2,0,7,11,6,5,0,8,18,1,0,0,2
15,2011,Bahia,87,56,6,25,18,0,94,0,12,67,35,3,3,9,32,2,23,67,41,15,1,60,68,9,0,3,9
16,2011,Minas Gerais,77,15,3,28,12,0,47,0,8,46,37,2,3,2,5,1,10,35,43,6,0,28,53,3,0,3,8
17,2011,Espírito Santo,14,17,1,6,6,0,13,0,7,10,5,1,1,4,11,2,2,10,14,4,0,12,18,0,1,0,1
18,2011,Rio de Janeiro,94,53,17,44,41,0,74,1,4,122,29,3,2,5,3,3,22,73,54,12,0,45,95,8,0,4,12
19,2011,São Paulo,152,90,7,148,11,1,77,1,11,125,85,1,8,18,12,1,22,105,105,15,1,65,137,12,5,5,25
20,2011,Paraná,48,28,3,60,5,0,11,2,1,41,36,0,1,0,1,0,8,28,32,11,0,31,44,1,0,2,1
21,2011,Santa Catarina,14,7,1,19,3,0,0,0,0,8,11,0,1,2,0,0,2,7,13,0,0,9,11,1,0,0,1
22,2011,Rio Grande do Sul,30,32,5,46,12,0,5,2,2,40,16,1,3,2,5,0,5,22,30,10,0,37,30,0,0,0,0
23,2011,Mato Grosso do Sul,22,6,1,6,2,0,19,2,0,15,6,0,4,3,1,0,5,9,12,3,0,13,16,0,0,0,0
24,2011,Mato Grosso,27,6,1,6,3,0,20,5,0,17,10,0,0,7,0,0,5,20,8,1,0,9,23,1,0,1,0
25,2011,Goiás,26,10,1,13,1,0,18,0,5,15,10,1,0,1,10,0,7,17,12,1,0,8,20,3,0,1,5
26,2011,Distrito Federal,12,7,0,8,0,0,9,0,2,10,5,0,0,2,2,0,2,7,10,0,0,3,14,2,0,0,0
27,2012,Rondônia,13,4,0,5,2,0,9,0,1,4,5,0,1,1,6,0,1,5,9,2,0,6,10,0,0,0,1
28,2012,Acre,4,5,0,2,0,0,5,1,1,3,1,0,0,2,3,0,1,5,3,0,0,4,3,0,0,0,2
29,2012,Amazonas,29,17,4,8,1,0,31,7,3,24,14,0,0,6,6,2,10,22,9,7,0,21,28,0,0,0,1
30,2012,Roraima,2,1,1,0,0,0,1,3,0,1,0,0,0,1,2,0,1,3,0,0,0,4,0,0,0,0,0
31,2012,Pará,77,17,0,12,8,0,68,3,3,43,21,1,0,24,5,2,16,46,25,5,0,33,38,3,5,0,15
32,2012,Amapá,6,0,0,1,0,0,3,0,2,2,1,0,0,1,2,1,1,1,2,1,0,3,2,0,0,0,1
33,2012,Tocantins,7,4,2,1,1,0,11,0,0,9,2,0,0,2,0,1,3,5,4,0,0,7,5,0,0,0,1
34,2012,Maranhão,67,15,2,9,11,0,55,3,6,37,13,0,1,21,12,7,15,32,25,5,0,31,36,2,6,0,9
35,2012,Piauí,25,22,1,8,6,0,28,0,6,15,12,0,0,7,14,2,9,20,14,3,0,19,25,2,0,0,2
36,2012,Ceará,62,25,1,25,2,0,56,0,5,40,23,1,0,10,14,0,13,36,31,8,0,20,53,3,5,0,7
37,2012,Rio Grande do Norte,23,8,0,9,2,0,17,0,3,17,6,0,0,2,6,0,4,16,9,2,0,8,12,5,0,0,6
38,2012,Paraíba,24,3,0,2,3,0,21,0,1,10,7,0,1,4,5,0,5,6,15,1,0,14,9,0,1,0,3
39,2012,Pernambuco,47,25,1,24,3,0,46,0,0,39,17,0,4,8,5,2,11,35,23,2,0,19,41,7,2,0,4
40,2012,Alagoas,20,4,0,3,2,0,18,0,1,11,7,0,0,3,3,0,5,5,10,4,0,11,12,0,0,0,1
41,2012,Sergipe,16,7,1,6,4,0,14,0,0,11,6,0,0,6,1,1,3,13,4,3,0,7,16,1,0,0,0
42,2012,Bahia,93,48,6,23,19,1,90,2,12,59,38,0,2,14,34,2,9,60,56,19,1,48,70,12,4,0,13
43,2012,Minas Gerais,71,15,2,25,12,0,48,0,3,44,27,1,1,7,8,0,7,32,35,14,0,29,43,4,1,0,11
44,2012,Espírito Santo,18,16,0,9,3,0,20,0,2,15,13,0,0,2,4,0,5,15,13,1,0,13,21,0,0,0,0
45,2012,Rio de Janeiro,105,65,10,60,39,0,80,0,1,120,36,1,6,10,7,1,26,79,58,16,0,48,108,10,1,0,13
46,2012,São Paulo,125,97,5,119,26,2,69,0,11,127,66,3,5,16,10,0,22,88,96,20,0,60,142,13,2,2,8
47,2012,Paraná,40,15,4,47,4,0,7,1,0,23,23,0,0,11,2,0,6,24,24,5,0,19,40,0,0,0,0
48,2012,Santa Catarina,23,8,1,29,2,0,1,0,0,10,13,0,1,5,3,1,3,8,17,3,0,10,15,2,5,0,0
49,2012,Rio Grande do Sul,51,33,8,67,12,0,11,0,2,57,19,0,0,10,6,0,12,38,34,8,0,39,52,0,0,1,0
50,2012,Mato Grosso do Sul,21,7,1,9,2,0,18,0,0,11,10,0,0,8,0,0,3,15,11,0,0,11,18,0,0,0,0
51,2012,Mato Grosso,19,11,0,11,0,0,15,3,1,13,7,0,0,10,0,1,6,18,5,0,0,12,15,3,0,0,0
52,2012,Goiás,37,17,0,13,5,0,29,0,7,23,16,0,0,5,10,0,4,22,23,5,0,15,28,6,3,0,2
53,2012,Distrito Federal,13,6,0,7,3,0,9,0,0,13,6,0,0,0,0,0,1,7,8,3,0,3,15,1,0,0,0
54,2013,Rondônia,12,6,0,3,3,0,12,0,0,8,4,0,0,5,1,0,2,10,4,2,0,6,12,0,0,0,0
55,2013,Acre,7,3,0,1,0,0,7,1,1,5,1,0,0,3,1,0,3,4,3,0,0,5,3,0,0,0,2
56,2013,Amazonas,36,8,6,6,0,0,36,8,0,24,7,1,0,13,5,1,8,20,16,5,0,16,31,0,1,0,2
57,2013,Roraima,5,1,0,0,0,0,2,4,0,4,0,0,0,2,0,0,1,3,2,0,0,3,1,0,0,0,2
58,2013,Pará,87,32,1,17,9,0,89,3,2,46,26,0,0,38,10,1,24,59,26,10,0,47,48,3,7,0,15
59,2013,Amapá,14,0,0,3,0,0,9,1,1,6,1,0,1,2,4,1,0,4,8,1,0,10,4,0,0,0,0
60,2013,Tocantins,10,4,0,2,1,0,8,0,3,4,3,0,0,6,1,0,5,8,1,0,0,4,8,0,1,0,1
61,2013,Maranhão,90,17,4,19,18,0,65,2,7,44,22,1,0,35,9,4,22,48,31,6,0,40,36,3,8,0,24
62,2013,Piauí,26,16,2,4,7,0,30,0,3,12,12,1,0,9,10,0,8,16,16,4,0,20,21,3,0,0,0
63,2013,Ceará,74,16,3,19,0,0,72,0,2,42,33,2,1,11,4,0,16,30,42,5,0,18,57,6,2,2,8
64,2013,Rio Grande do Norte,20,2,0,5,2,0,11,0,4,10,7,0,0,3,2,0,0,10,9,3,0,5,9,2,1,1,4
65,2013,Paraíba,31,7,2,12,0,0,26,0,2,14,11,0,0,4,11,1,3,15,19,2,0,12,27,0,0,0,1
66,2013,Pernambuco,50,38,3,24,6,0,59,0,2,51,23,0,0,9,8,1,12,36,33,9,0,25,47,13,3,0,3
67,2013,Alagoas,28,3,0,6,1,0,24,0,0,14,11,0,0,2,4,0,3,14,12,2,0,13,15,1,0,1,1
68,2013,Sergipe,16,6,1,8,0,0,15,0,0,17,4,0,0,2,0,0,4,10,8,1,0,6,15,1,1,0,0
69,2013,Bahia,104,52,6,18,31,0,103,1,9,71,33,0,2,29,27,1,22,62,63,14,0,51,82,16,3,0,10
70,2013,Minas Gerais,95,26,2,39,18,0,54,1,11,61,31,3,5,6,17,0,20,45,47,11,0,25,65,8,2,0,23
71,2013,Espírito Santo,14,12,0,7,0,1,14,0,4,10,9,0,1,3,3,0,6,7,10,3,0,8,18,0,0,0,0
72,2013,Rio de Janeiro,99,64,17,55,48,0,73,0,4,126,40,0,3,7,4,1,27,69,77,6,0,55,108,8,1,0,8
73,2013,São Paulo,146,90,4,144,18,2,67,0,9,105,92,1,7,22,13,1,12,84,110,33,0,68,151,12,3,0,6
74,2013,Paraná,46,15,4,52,0,0,11,0,2,25,24,0,1,13,2,0,9,18,31,7,0,20,44,0,1,0,0
75,2013,Santa Catarina,17,9,0,23,2,0,1,0,0,11,9,0,1,2,3,0,5,8,12,1,0,10,14,2,0,0,0
76,2013,Rio Grande do Sul,20,22,2,33,6,0,4,0,1,26,9,0,1,6,2,1,1,11,28,3,0,15,28,1,0,0,0
77,2013,Mato Grosso do Sul,13,9,0,6,0,0,11,5,0,8,9,0,0,5,0,1,3,9,9,0,0,6,16,0,0,0,0
78,2013,Mato Grosso,28,9,1,4,3,0,28,3,0,16,11,0,0,11,0,0,6,15,14,3,0,8,28,1,1,0,0
79,2013,Goiás,39,10,0,9,7,0,31,0,2,17,14,0,0,6,12,0,4,23,21,1,0,16,23,7,0,0,3
80,2013,Distrito Federal,21,3,0,6,2,0,16,0,0,12,9,0,1,1,1,0,1,9,11,3,0,10,11,3,0,0,0
81,2014,Rondônia,17,5,0,5,1,0,15,1,0,7,5,1,0,8,1,1,5,7,9,0,0,8,13,0,0,0,1
82,2014,Acre,5,3,0,0,0,0,8,0,0,1,3,0,0,2,2,0,1,2,5,0,0,2,6,0,0,0,0
83,2014,Amazonas,48,23,7,12,2,0,59,5,0,52,11,0,0,12,3,1,20,28,25,4,0,24,45,1,0,0,8
84,2014,Roraima,4,1,0,1,0,0,0,4,0,2,3,0,0,0,0,0,1,2,2,0,0,2,3,0,0,0,0
85,2014,Pará,91,26,0,12,9,0,92,4,0,35,22,0,2,52,6,1,25,53,33,5,0,34,70,0,1,1,11
86,2014,Amapá,7,1,0,0,1,0,7,0,0,6,0,0,0,1,1,0,3,2,3,0,0,1,7,0,0,0,0
87,2014,Tocantins,9,6,0,5,1,0,9,0,0,5,6,0,0,3,1,0,1,7,7,0,0,5,9,0,0,0,1
88,2014,Maranhão,76,16,1,12,18,0,56,3,4,38,16,0,0,32,7,2,17,35,34,5,0,34,44,1,2,0,12
89,2014,Piauí,25,8,0,5,3,1,19,0,5,11,9,0,1,6,6,0,5,13,11,4,0,15,16,1,1,0,0
90,2014,Ceará,57,26,1,19,2,0,57,0,6,37,29,1,0,12,5,0,5,34,37,7,1,20,50,6,2,0,6
91,2014,Rio Grande do Norte,25,11,0,8,3,0,24,0,1,14,11,1,0,6,4,1,5,13,13,4,0,11,18,5,0,0,2
92,2014,Paraíba,27,4,0,5,1,0,25,0,0,12,9,0,0,5,5,0,4,11,16,0,0,13,11,1,2,0,4
93,2014,Pernambuco,52,35,4,22,4,0,65,0,0,55,21,1,0,9,5,0,6,45,35,5,0,18,59,11,0,0,3
94,2014,Alagoas,33,21,0,6,2,0,39,0,7,28,9,2,0,3,12,1,8,23,19,3,0,27,23,3,0,0,1
95,2014,Sergipe,14,8,1,5,2,0,15,0,1,8,9,0,0,5,1,0,0,9,12,2,0,3,15,1,1,0,3
96,2014,Bahia,106,36,7,22,34,1,84,0,8,76,26,1,0,23,23,4,14,56,64,11,0,49,67,8,3,0,22
97,2014,Minas Gerais,98,31,2,37,23,0,65,0,6,49,52,3,4,9,14,2,8,53,57,11,0,36,87,4,0,1,3
98,2014,Espírito Santo,31,19,0,9,10,0,25,0,6,28,13,0,0,3,6,1,3,25,19,2,0,15,31,0,1,0,3
99,2014,Rio de Janeiro,89,69,8,51,32,0,80,0,3,112,42,0,3,5,4,2,20,82,53,9,0,59,94,5,0,0,8
100,2014,São Paulo,150,105,8,148,23,0,87,0,5,131,87,3,9,22,11,0,37,81,127,18,0,87,153,11,1,0,11
101,2014,Paraná,36,27,3,47,7,0,11,0,1,31,24,1,1,7,2,0,9,27,26,4,0,16,50,0,0,0,0
102,2014,Santa Catarina,19,4,1,23,1,0,0,0,0,7,10,1,0,4,2,0,4,10,10,0,0,6,16,2,0,0,0
103,2014,Rio Grande do Sul,34,23,2,43,8,0,4,1,3,30,21,1,1,1,5,0,8,24,24,3,0,17,42,0,0,0,0
104,2014,Mato Grosso do Sul,16,10,0,8,1,0,16,1,0,14,8,0,0,4,0,1,3,9,10,3,0,12,14,0,0,0,0
105,2014,Mato Grosso,24,12,0,6,5,0,23,2,0,18,6,0,0,12,0,0,4,17,14,1,0,9,25,2,0,0,0
106,2014,Goiás,36,15,0,10,7,1,30,0,3,16,14,3,1,9,8,1,5,16,26,3,0,17,32,2,0,0,0
107,2014,Distrito Federal,14,6,0,7,2,0,11,0,0,13,4,0,2,1,0,0,0,6,10,4,0,2,15,3,0,0,0
108,2015,Rondônia,9,5,0,5,1,0,7,0,1,3,2,0,0,8,1,0,4,3,6,1,0,5,7,1,0,0,1
109,2015,Acre,10,0,0,2,0,0,6,2,0,5,1,0,0,3,1,0,3,2,2,3,0,2,5,0,1,0,2
110,2015,Amazonas,32,17,3,8,1,0,32,10,1,31,5,0,0,9,7,3,9,25,14,1,0,22,29,0,1,0,0
111,2015,Roraima,8,3,0,2,1,0,4,4,0,4,3,0,0,1,3,0,3,1,6,1,0,6,4,0,0,0,1
112,2015,Pará,68,26,1,17,4,0,74,0,0,37,16,0,0,33,9,1,11,57,23,3,0,28,62,1,0,0,4
113,2015,Amapá,12,1,0,3,1,0,7,1,1,7,2,0,1,0,3,1,1,4,6,1,0,2,7,2,1,0,1
114,2015,Tocantins,14,5,0,4,2,0,11,1,1,6,7,1,0,4,1,0,3,8,7,1,0,7,10,2,0,0,0
115,2015,Maranhão,88,27,2,10,13,0,92,1,1,53,20,2,0,38,4,1,33,49,25,9,0,29,47,4,4,0,33
116,2015,Piauí,30,10,1,9,2,0,29,0,1,15,7,0,0,11,8,0,9,16,15,1,0,14,24,2,0,0,1
117,2015,Ceará,46,18,1,5,3,0,55,1,1,35,17,0,2,9,2,0,8,28,26,3,0,19,32,8,1,0,5
118,2015,Rio Grande do Norte,16,12,2,12,1,0,13,0,4,16,7,0,0,2,5,0,2,15,12,1,0,8,16,5,0,0,1
119,2015,Paraíba,28,7,3,5,0,0,30,1,2,7,11,1,0,7,12,0,4,18,15,1,0,8,27,0,0,0,3
120,2015,Pernambuco,53,44,1,24,12,1,58,1,2,49,33,0,0,11,5,2,11,36,40,9,0,20,56,9,4,0,9
121,2015,Alagoas,26,3,1,3,1,0,22,0,4,10,8,1,0,1,10,1,9,11,6,3,0,6,21,1,0,0,2
122,2015,Sergipe,14,4,0,2,4,0,12,0,0,11,3,1,0,3,0,0,1,13,4,0,0,1,14,1,1,0,1
123,2015,Bahia,97,42,4,15,18,1,97,0,12,57,36,0,1,20,29,1,15,50,65,12,0,64,58,4,0,1,16
124,2015,Minas Gerais,96,25,4,37,15,0,66,1,6,46,51,2,3,15,8,0,7,39,68,11,0,28,85,4,0,0,8
125,2015,Espírito Santo,19,17,0,10,2,0,15,0,9,22,5,1,0,1,7,0,6,14,12,4,0,11,25,0,0,0,0
126,2015,Rio de Janeiro,94,60,5,52,39,0,62,0,6,98,46,1,3,6,5,1,29,55,60,14,0,53,96,4,2,0,4
127,2015,São Paulo,191,113,6,183,24,0,99,0,5,135,108,5,15,35,13,0,26,123,136,26,0,73,208,20,4,0,6
128,2015,Paraná,52,26,5,61,4,0,16,2,0,31,33,1,6,9,3,2,9,36,32,4,0,27,56,0,0,0,0
129,2015,Santa Catarina,23,6,1,21,4,0,4,1,0,10,8,1,1,10,0,0,2,15,11,2,0,8,15,5,1,0,1
130,2015,Rio Grande do Sul,32,21,0,33,10,0,6,1,3,27,10,0,3,5,8,0,2,23,21,7,0,19,34,0,0,0,0
131,2015,Mato Grosso do Sul,19,11,1,7,2,0,15,7,0,23,6,0,0,2,0,0,3,14,12,2,0,17,14,0,0,0,0
132,2015,Mato Grosso,28,15,0,6,3,0,32,2,0,17,16,0,0,9,1,0,7,16,17,3,0,16,20,2,2,0,3
133,2015,Goiás,40,14,3,18,7,0,31,0,1,20,20,0,0,14,3,0,4,23,24,6,0,16,34,5,0,0,2
134,2015,Distrito Federal,10,6,0,5,2,0,8,0,1,8,4,0,1,2,1,0,1,5,8,2,0,3,9,3,1,0,0
135,2016,Rondônia,12,3,0,5,1,0,9,0,0,4,5,0,0,3,3,0,2,8,5,0,0,6,7,2,0,0,0
136,2016,Acre,8,1,0,3,0,0,4,1,1,3,2,0,0,2,2,0,2,4,2,1,0,3,3,0,1,0,2
137,2016,Amazonas,37,13,5,6,1,0,41,6,1,29,10,1,0,13,2,0,11,26,14,4,0,28,25,0,1,0,1
138,2016,Roraima,5,1,0,0,0,0,4,2,0,4,0,0,0,2,0,0,2,4,0,0,0,2,0,1,1,0,2
139,2016,Pará,73,30,0,14,7,0,80,0,2,37,18,0,0,42,6,0,24,38,32,9,0,27,68,1,3,0,4
140,2016,Amapá,15,2,0,3,1,0,13,0,0,10,1,0,0,4,2,1,4,5,6,1,0,6,8,1,0,0,2
141,2016,Tocantins,16,2,0,6,2,0,9,0,1,4,7,0,0,6,1,0,2,6,8,2,0,3,15,0,0,0,0
142,2016,Maranhão,85,24,1,9,16,0,84,1,0,47,26,0,1,32,4,2,16,57,29,6,0,28,52,4,10,0,16
143,2016,Piauí,33,4,1,8,0,0,29,0,1,13,6,1,0,9,9,2,7,15,13,1,0,8,27,2,1,0,0
144,2016,Ceará,53,21,0,18,3,0,50,1,2,40,19,0,2,8,5,1,8,35,27,3,0,23,41,4,0,0,6
145,2016,Rio Grande do Norte,16,12,3,14,2,0,12,0,3,14,12,0,0,3,2,0,6,16,7,2,0,8,13,8,0,0,2
146,2016,Paraíba,27,13,9,3,1,1,43,0,1,11,12,0,0,13,13,0,8,13,22,6,0,15,24,1,0,0,9
147,2016,Pernambuco,43,28,0,12,5,0,51,1,2,46,15,0,1,7,2,2,6,30,29,4,0,24,43,1,0,0,3
148,2016,Alagoas,20,5,0,0,1,0,20,0,4,10,5,0,1,4,5,0,7,10,7,1,0,4,12,2,0,0,7
149,2016,Sergipe,12,5,1,4,3,0,10,1,0,6,7,0,1,4,0,0,0,11,7,0,0,7,9,1,0,0,1
150,2016,Bahia,77,39,6,11,25,0,78,1,7,53,32,0,1,14,22,0,13,41,53,15,0,42,67,2,1,0,10
151,2016,Minas Gerais,96,21,2,41,17,0,53,0,8,45,44,2,6,17,5,0,13,33,60,12,1,27,67,8,5,0,12
152,2016,Espírito Santo,15,6,0,6,4,0,8,0,3,6,9,0,1,2,3,0,1,5,12,3,0,9,12,0,0,0,0
153,2016,Rio de Janeiro,87,62,8,47,33,1,75,0,1,91,44,0,1,19,2,1,13,65,60,18,0,51,101,2,1,0,2
154,2016,São Paulo,183,117,7,161,25,1,115,0,6,163,90,4,12,28,11,3,24,123,132,23,2,75,183,27,8,0,15
155,2016,Paraná,53,19,1,48,4,0,20,0,1,30,21,0,2,18,2,1,8,31,30,3,0,17,56,0,0,0,0
156,2016,Santa Catarina,19,9,1,24,1,0,3,0,1,12,9,0,0,6,2,0,4,10,12,3,0,12,14,2,1,0,0
157,2016,Rio Grande do Sul,38,15,2,34,13,0,6,0,2,32,10,0,3,4,6,0,3,19,25,8,0,17,37,0,0,0,1
158,2016,Mato Grosso do Sul,22,5,1,11,2,0,11,4,0,18,7,0,0,3,0,1,5,11,10,1,0,11,17,0,0,0,0
159,2016,Mato Grosso,29,13,0,14,1,0,24,3,0,14,11,0,2,11,4,1,3,18,17,3,0,14,24,1,1,0,2
160,2016,Goiás,31,20,2,14,7,0,31,0,1,24,13,0,0,9,7,1,6,24,18,4,0,21,31,1,0,0,0
161,2016,Distrito Federal,17,6,1,9,2,0,13,0,0,8,12,0,2,2,0,0,0,7,14,3,0,5,16,3,0,0,0
162,2017,Rondônia,15,4,0,7,0,0,11,0,1,6,9,0,0,2,2,0,1,7,11,0,0,4,14,0,0,0,1
163,2017,Acre,7,1,0,2,0,0,4,2,0,4,0,0,0,3,1,0,3,3,1,1,0,2,4,0,0,0,2
164,2017,Amazonas,39,6,5,3,1,1,32,12,1,28,6,0,0,14,2,0,7,24,17,2,0,24,26,0,0,0,0
165,2017,Roraima,5,1,0,2,0,0,3,1,0,2,2,0,0,1,1,0,2,2,2,0,0,2,2,0,0,0,2
166,2017,Pará,100,28,1,20,10,0,93,3,3,49,29,1,1,42,7,0,19,53,45,12,0,40,75,3,1,0,10
167,2017,Amapá,6,1,0,1,0,0,6,0,0,5,0,0,1,1,0,0,3,3,0,1,0,3,3,1,0,0,0
168,2017,Tocantins,14,7,0,7,1,1,11,0,1,7,7,0,0,6,1,0,4,10,6,1,0,3,18,0,0,0,0
169,2017,Maranhão,73,21,3,14,9,1,70,2,1,45,24,1,0,24,3,2,10,48,33,4,0,31,25,6,9,0,26
170,2017,Piauí,30,5,0,5,4,1,25,0,0,11,7,0,0,13,4,1,3,17,10,4,0,10,22,0,1,0,2
171,2017,Ceará,65,17,2,9,3,1,68,0,3,39,30,0,3,5,7,2,7,25,39,11,0,9,57,9,2,0,7
172,2017,Rio Grande do Norte,17,18,0,11,0,0,22,0,2,21,8,0,1,4,1,0,4,11,13,7,0,11,15,8,0,0,1
173,2017,Paraíba,23,12,1,3,3,0,28,2,0,14,7,0,0,7,8,0,4,17,13,2,0,11,20,1,0,0,4
174,2017,Pernambuco,55,27,2,22,7,1,52,0,2,42,23,1,0,12,6,1,14,29,33,7,0,25,51,4,0,0,4
175,2017,Alagoas,12,4,0,1,1,0,14,0,0,2,5,0,0,4,5,1,2,5,7,1,0,5,8,1,0,0,2
176,2017,Sergipe,16,1,0,0,2,0,12,0,3,5,5,0,1,2,4,0,2,5,9,1,0,4,11,1,1,0,0
177,2017,Bahia,93,35,6,12,30,0,85,1,6,55,35,0,0,24,20,2,17,47,58,10,0,30,88,9,1,0,6
178,2017,Minas Gerais,86,26,6,38,16,0,62,0,2,41,49,2,4,16,6,0,8,41,57,11,1,31,72,2,1,0,12
179,2017,Espírito Santo,20,13,0,8,5,0,16,0,4,15,11,0,2,4,1,0,6,10,16,1,0,13,19,0,0,0,1
180,2017,Rio de Janeiro,110,52,9,61,39,0,71,0,0,123,36,0,4,4,4,1,14,67,81,8,0,51,111,2,0,0,7
181,2017,São Paulo,213,119,16,192,27,2,124,0,3,181,114,3,10,32,8,1,36,120,155,35,1,92,201,33,5,0,17
182,2017,Paraná,27,20,3,33,3,0,12,0,2,18,15,0,1,12,4,0,8,17,24,1,0,18,32,0,0,0,0
183,2017,Santa Catarina,22,15,1,29,2,0,6,0,1,16,15,0,1,4,2,0,3,12,19,4,0,6,22,5,4,0,1
184,2017,Rio Grande do Sul,41,10,4,35,11,0,6,0,3,30,15,0,0,4,6,0,8,16,28,3,0,22,29,0,1,0,3
185,2017,Mato Grosso do Sul,12,9,0,11,0,0,8,2,0,12,6,0,0,3,0,0,2,12,7,0,0,11,10,0,0,0,0
186,2017,Mato Grosso,26,7,1,13,2,0,19,0,0,13,10,0,0,10,1,1,3,14,14,2,0,7,25,0,0,0,2
187,2017,Goiás,28,23,0,16,9,0,24,0,2,20,15,3,0,10,3,0,9,21,17,4,0,15,33,2,0,0,1
188,2017,Distrito Federal,14,7,0,7,2,0,12,0,0,12,5,0,1,3,0,0,1,9,6,5,0,1,14,6,0,0,0
189,2018,Rondônia,8,2,0,4,0,0,6,0,0,2,5,0,0,2,1,0,2,7,1,0,0,3,5,0,0,0,2
190,2018,Acre,9,0,0,1,0,0,7,1,0,3,2,0,0,4,0,0,2,4,2,1,0,3,5,1,0,0,0
191,2018,Amazonas,47,22,2,9,2,0,54,6,0,43,11,0,1,12,4,2,13,21,25,10,0,29,41,1,0,0,0
192,2018,Roraima,10,0,0,2,0,0,4,4,0,8,1,0,0,0,1,1,1,6,2,0,0,3,3,1,0,0,3
193,2018,Pará,82,24,2,15,4,0,87,1,1,44,15,1,0,42,6,0,29,47,30,2,0,39,56,1,3,0,9
194,2018,Amapá,9,5,0,2,0,0,12,0,0,7,2,0,0,3,2,0,0,8,6,0,0,5,8,0,0,0,1
195,2018,Tocantins,6,2,0,2,1,0,5,0,0,3,2,0,1,2,0,0,3,1,4,0,0,1,6,0,1,0,0
196,2018,Maranhão,75,17,0,6,13,0,69,4,0,42,17,1,0,30,2,1,11,36,35,9,0,23,34,4,8,0,23
197,2018,Piauí,31,7,4,3,3,0,35,0,1,23,9,0,0,10,0,1,7,16,16,2,0,19,22,0,1,0,0
198,2018,Ceará,48,42,0,16,3,0,70,0,1,47,35,0,1,7,0,1,12,38,31,8,0,22,54,11,2,0,1
199,2018,Rio Grande do Norte,16,8,1,8,0,0,13,0,4,16,3,0,0,4,2,0,2,13,6,4,0,4,14,6,0,0,1
200,2018,Paraíba,20,12,0,7,0,0,24,0,1,3,8,0,1,5,15,0,2,11,15,4,0,11,20,0,0,0,1
201,2018,Pernambuco,49,28,3,16,6,0,55,0,3,49,14,0,1,12,4,1,13,26,32,8,0,32,46,0,1,0,1
202,2018,Alagoas,14,12,0,3,1,0,17,1,4,10,7,0,0,3,6,0,4,12,9,1,0,4,13,2,0,0,7
203,2018,Sergipe,17,3,0,3,3,0,14,0,0,12,4,0,1,3,0,0,3,2,11,4,0,8,10,2,0,0,0
204,2018,Bahia,77,34,7,15,23,1,69,0,10,58,21,0,2,18,19,1,17,38,51,11,0,35,58,8,3,0,14
205,2018,Minas Gerais,96,36,3,47,22,2,62,1,1,56,59,2,3,7,8,0,6,56,59,14,0,39,79,2,1,0,14
206,2018,Espírito Santo,25,6,1,6,5,0,17,0,4,13,9,0,1,2,7,1,2,8,17,4,0,5,22,0,1,0,4
207,2018,Rio de Janeiro,86,39,11,34,33,0,68,0,1,83,38,0,1,12,2,1,21,44,56,14,0,43,83,6,0,0,4
208,2018,São Paulo,189,104,10,173,28,1,98,0,3,139,118,0,7,35,4,0,26,97,151,29,0,87,164,26,9,0,17
209,2018,Paraná,45,14,1,36,5,3,14,1,1,22,26,1,1,8,2,0,5,28,23,4,0,14,45,0,0,0,1
210,2018,Santa Catarina,21,11,3,27,4,0,3,0,1,14,13,1,1,4,2,0,9,10,13,3,0,14,17,1,2,0,1
211,2018,Rio Grande do Sul,28,19,4,34,8,1,7,1,0,27,16,0,2,2,4,0,2,19,24,6,0,19,31,0,1,0,0
212,2018,Mato Grosso do Sul,19,10,0,4,0,0,23,1,1,19,7,0,1,2,0,2,4,12,9,2,0,13,14,1,0,0,1
213,2018,Mato Grosso,20,13,1,4,1,0,24,5,0,20,5,0,0,9,0,0,5,15,13,1,0,11,21,0,0,0,2
214,2018,Goiás,48,14,2,18,10,0,35,0,1,21,28,1,0,7,7,1,4,25,29,5,0,27,32,0,2,0,3
215,2018,Distrito Federal,19,5,0,10,2,0,12,0,0,9,8,0,2,4,1,0,0,9,12,3,0,4,17,2,1,0,0
216,2019,Rondônia,8,3,2,5,1,0,6,0,1,2,4,0,0,3,4,1,1,4,7,0,0,7,5,0,0,0,1
217,2019,Acre,7,1,0,0,1,0,4,3,0,1,3,0,0,2,2,0,0,4,3,1,0,4,3,0,0,0,1
218,2019,Amazonas,41,16,3,7,2,0,43,7,1,33,13,0,1,8,5,2,10,23,21,4,0,17,39,4,0,0,0
219,2019,Roraima,10,0,1,2,0,0,7,2,0,6,4,0,0,0,1,0,3,2,6,0,0,4,1,1,0,0,5
220,2019,Pará,91,27,3,16,11,0,90,1,3,55,21,3,1,36,5,3,19,59,33,7,0,53,66,0,1,0,1
221,2019,Amapá,5,0,0,0,0,0,5,0,0,2,0,0,0,1,2,0,0,4,1,0,0,1,4,0,0,0,0
222,2019,Tocantins,8,4,3,0,2,0,9,2,2,9,5,0,0,0,1,0,1,5,8,1,0,5,9,0,0,0,1
223,2019,Maranhão,70,15,0,12,10,0,62,0,1,46,21,0,0,11,7,3,14,34,30,4,0,27,23,4,5,0,26
224,2019,Piauí,35,6,0,6,6,0,29,0,0,9,9,0,0,17,6,1,3,21,15,1,0,9,27,1,1,0,3
225,2019,Ceará,46,29,0,10,2,0,62,0,1,47,14,0,1,12,1,0,12,28,29,6,0,26,46,2,1,0,0
226,2019,Rio Grande do Norte,22,9,0,7,2,0,18,1,3,16,7,0,1,5,2,0,5,11,13,2,0,8,16,1,2,0,4
227,2019,Paraíba,22,14,0,9,0,0,25,0,2,7,11,0,0,9,9,0,2,14,14,6,0,10,22,1,1,0,2
228,2019,Pernambuco,48,14,2,11,1,0,50,1,1,36,21,0,1,4,2,1,4,18,31,10,0,12,42,1,1,0,8
229,2019,Alagoas,21,8,0,1,1,0,20,0,7,8,5,0,2,2,12,0,6,12,9,2,0,10,14,1,1,1,2
230,2019,Sergipe,9,3,0,2,0,0,10,0,0,9,1,0,0,2,0,0,2,8,2,0,0,4,5,0,0,0,3
231,2019,Bahia,70,31,4,15,17,0,69,0,4,39,28,0,0,26,12,1,12,39,41,12,0,35,46,4,1,0,19
232,2019,Minas Gerais,85,26,4,36,20,0,56,1,2,47,52,0,4,9,3,0,10,35,58,12,0,33,63,5,3,0,11
233,2019,Espírito Santo,16,13,0,11,7,0,9,0,2,17,8,0,0,0,4,0,2,16,11,0,0,14,14,0,0,0,1
234,2019,Rio de Janeiro,91,56,8,39,42,1,73,0,0,100,40,1,5,6,3,1,24,49,67,14,0,47,92,9,0,0,7
235,2019,São Paulo,158,113,11,142,34,0,104,0,3,144,83,0,8,40,8,0,23,92,134,34,0,68,144,49,4,1,17
236,2019,Paraná,37,17,14,45,7,0,13,3,0,32,25,0,0,9,2,0,10,26,23,9,0,17,40,2,3,0,6
237,2019,Santa Catarina,18,10,2,19,5,0,5,0,1,9,9,0,2,8,2,0,0,8,18,3,1,7,19,1,2,0,1
238,2019,Rio Grande do Sul,32,15,2,41,4,0,3,0,1,34,11,0,1,2,1,0,2,21,19,7,0,16,27,2,3,0,1
239,2019,Mato Grosso do Sul,14,7,1,8,0,0,10,4,0,12,7,0,0,3,0,0,2,12,6,2,0,11,10,0,0,0,1
240,2019,Mato Grosso,20,16,2,8,2,0,28,0,0,23,9,0,0,6,0,0,6,13,18,1,0,10,23,1,1,0,3
241,2019,Goiás,47,20,0,20,6,0,40,0,1,31,24,0,1,7,4,1,7,23,30,6,0,22,42,2,0,0,1
242,2019,Distrito Federal,3,6,0,3,1,0,5,0,0,8,1,0,0,0,0,0,2,1,6,0,0,3,5,1,0,0,0
243,2020,Rondônia,8,7,3,7,4,0,6,1,0,9,5,0,0,4,0,0,3,7,8,0,0,4,14,0,0,0,0
244,2020,Acre,4,1,0,0,0,1,4,0,0,1,0,0,0,2,2,0,1,1,3,0,0,0,5,0,0,0,0
245,2020,Amazonas,40,32,5,11,1,0,51,11,3,48,10,0,1,13,5,1,9,31,33,3,0,22,50,4,0,0,1
246,2020,Roraima,12,8,0,2,1,0,14,3,0,11,7,0,1,0,1,0,4,5,10,1,0,4,7,1,1,0,7
247,2020,Pará,64,57,11,23,5,1,101,1,1,46,30,0,2,43,11,2,16,53,49,12,0,41,84,1,0,0,6
248,2020,Amapá,10,5,0,0,3,0,11,0,1,7,2,0,1,2,3,0,1,9,4,1,0,4,9,0,0,0,2
249,2020,Tocantins,8,9,1,2,0,0,12,2,2,11,4,0,0,2,1,0,3,10,3,2,0,6,12,0,0,0,0
250,2020,Maranhão,77,23,0,17,8,0,70,3,2,41,23,0,0,31,5,0,17,35,41,7,0,32,45,3,2,0,18
251,2020,Piauí,27,12,1,5,5,0,28,0,2,15,15,1,1,3,5,0,2,18,18,2,0,9,25,2,1,0,3
252,2020,Ceará,59,58,2,24,6,2,84,1,2,64,34,0,4,15,2,0,3,56,50,10,0,25,91,0,1,0,2
253,2020,Rio Grande do Norte,15,18,1,14,1,1,18,0,0,18,11,0,0,4,1,0,2,10,20,2,0,6,20,6,1,0,1
254,2020,Paraíba,18,33,3,13,1,1,36,2,1,15,14,0,0,11,14,0,3,18,28,5,0,8,37,0,2,0,7
255,2020,Pernambuco,61,27,3,16,4,0,67,1,3,55,25,1,3,4,3,0,9,30,37,15,0,17,55,5,1,0,13
256,2020,Alagoas,21,19,0,6,4,0,26,0,4,16,8,0,1,6,9,0,3,17,18,2,0,10,19,1,5,0,5
257,2020,Sergipe,18,10,3,3,7,0,21,0,0,21,6,0,0,4,0,0,2,11,14,4,0,6,23,2,0,0,0
258,2020,Bahia,85,62,6,11,33,2,96,0,11,66,41,1,0,11,34,2,11,41,80,19,0,43,78,12,5,0,15
259,2020,Minas Gerais,84,39,3,43,12,1,68,1,1,46,60,1,0,14,5,1,4,40,67,14,0,26,79,2,1,0,18
260,2020,Espírito Santo,18,19,0,7,6,0,20,0,4,15,12,0,1,1,8,0,6,11,15,5,0,7,23,0,1,0,6
261,2020,Rio de Janeiro,83,102,5,60,51,0,79,0,0,112,58,3,2,8,7,0,14,67,96,13,0,50,128,3,2,0,7
262,2020,São Paulo,154,158,20,161,42,1,119,0,9,153,112,1,10,43,13,0,22,121,162,27,0,89,170,55,5,0,13
263,2020,Paraná,37,34,6,50,8,0,17,2,0,33,30,0,2,10,2,0,5,30,37,5,0,18,58,0,1,0,0
264,2020,Santa Catarina,19,10,2,19,6,0,6,0,0,13,16,0,0,2,0,0,0,10,18,3,0,13,13,2,2,0,1
265,2020,Rio Grande do Sul,28,24,2,39,5,0,8,0,2,24,13,0,0,8,9,0,1,19,31,3,0,15,33,2,1,0,3
266,2020,Mato Grosso do Sul,8,7,1,6,1,0,9,0,0,10,4,0,0,2,0,0,0,4,8,4,0,7,7,2,0,0,0
267,2020,Mato Grosso,28,22,0,16,4,0,28,1,1,16,24,0,3,6,1,0,3,15,25,7,0,11,29,1,1,0,8
268,2020,Goiás,48,33,3,30,8,0,42,0,4,31,26,0,3,14,10,1,3,32,38,9,1,23,56,1,1,0,3
269,2020,Distrito Federal,7,14,0,4,3,0,14,0,0,13,3,0,2,2,1,0,1,8,9,3,0,3,10,8,0,0,0
270,2021,Rondônia,4,38,0,7,6,0,23,2,4,4,13,0,2,10,13,0,2,15,25,0,0,12,25,0,1,0,4
271,2021,Acre,6,8,0,1,1,0,11,1,1,3,7,0,1,4,0,0,0,7,7,1,0,3,8,0,1,0,3
272,2021,Amazonas,44,77,1,21,3,0,81,14,3,67,21,0,2,23,9,0,13,45,57,7,0,35,81,0,2,0,4
273,2021,Roraima,9,27,0,1,2,0,26,4,3,22,9,0,1,3,1,0,3,14,16,3,0,10,23,0,0,0,3
274,2021,Pará,82,80,4,26,10,0,124,6,0,54,32,1,1,58,20,2,23,73,59,8,1,44,112,0,5,0,5
275,2021,Amapá,6,8,0,2,1,0,11,0,0,4,4,0,0,3,3,0,0,7,4,3,0,1,10,0,0,0,3
276,2021,Tocantins,10,33,0,13,2,0,26,1,1,20,11,0,1,7,4,0,3,12,28,0,0,12,30,0,1,0,0
277,2021,Maranhão,72,74,0,21,26,0,92,6,1,78,36,0,2,24,6,4,22,51,58,10,1,31,80,0,6,0,29
278,2021,Piauí,27,30,2,5,4,0,49,0,1,19,15,0,1,13,11,1,7,21,29,1,0,16,39,0,0,0,4
279,2021,Ceará,55,74,0,24,4,1,98,0,2,68,38,4,1,14,4,1,16,49,50,12,1,22,99,1,4,0,3
280,2021,Rio Grande do Norte,15,50,0,22,7,0,30,0,6,28,15,1,0,14,7,0,2,22,34,7,0,20,32,0,3,0,10
281,2021,Paraíba,29,39,3,11,5,0,54,1,0,19,21,1,1,10,19,1,5,26,33,6,0,7,55,0,3,0,6
282,2021,Pernambuco,44,48,1,22,13,1,56,0,1,55,31,0,1,4,2,1,4,28,46,14,0,23,67,0,0,0,3
283,2021,Alagoas,26,26,2,9,3,0,36,0,6,23,13,0,1,5,12,0,3,25,21,5,0,12,32,0,2,0,8
284,2021,Sergipe,8,17,1,4,1,0,21,0,0,16,8,0,0,2,0,0,1,8,15,2,0,6,19,1,0,0,0
285,2021,Bahia,78,111,6,23,43,0,120,0,9,86,52,0,5,25,27,0,10,75,89,21,0,53,111,1,2,0,28
286,2021,Minas Gerais,73,149,7,74,32,1,119,0,3,85,101,0,9,24,10,0,14,78,121,16,0,56,150,0,2,1,20
287,2021,Espírito Santo,17,30,2,12,7,0,28,0,2,17,21,0,1,4,6,0,4,17,25,2,1,11,27,0,0,0,11
288,2021,Rio de Janeiro,89,223,8,114,70,0,135,0,1,200,99,3,5,9,4,0,26,122,144,28,0,66,235,0,0,0,19
289,2021,São Paulo,143,301,13,254,55,1,140,0,7,179,190,1,16,56,15,0,17,163,237,40,0,110,312,1,9,0,25
290,2021,Paraná,41,141,5,122,9,1,54,0,1,68,74,4,9,28,4,0,11,58,96,22,0,37,141,1,2,0,6
291,2021,Santa Catarina,28,56,1,63,10,0,10,2,0,31,31,1,1,16,5,0,3,37,36,9,0,20,65,0,0,0,0
292,2021,Rio Grande do Sul,36,77,0,88,11,0,13,1,0,54,29,0,4,10,16,0,6,34,63,10,0,27,78,0,2,0,6
293,2021,Mato Grosso do Sul,18,35,1,19,4,0,29,2,0,31,15,0,1,6,1,0,7,21,22,4,0,14,39,1,0,0,0
294,2021,Mato Grosso,22,62,0,29,6,1,45,3,0,40,29,0,2,10,3,1,5,33,38,6,1,26,44,1,4,0,9
295,2021,Goiás,39,99,2,50,16,0,71,0,3,40,60,0,6,22,12,0,7,51,69,13,0,39,88,2,1,0,10
296,2021,Distrito Federal,8,26,2,14,4,0,18,0,0,18,14,0,1,2,1,0,4,11,19,2,0,9,27,0,0,0,0
